0 0.1125 0.40625 0.175 0.1875
0 0.397916666667 0.671875 0.145833333333 0.31875
0 0.579166666667 0.721875 0.166666666667 0.21875
0 0.660416666667 0.5375 0.1375 0.1375
0 0.816666666667 0.478125 0.191666666667 0.23125
0 0.697916666667 0.2875 0.195833333333 0.2125
0 0.472916666667 0.1375 0.154166666667 0.275
0 0.372916666667 0.184375 0.170833333333 0.20625
0 0.297916666667 0.334375 0.170833333333 0.24375
0 0.279166666667 0.828125 0.158333333333 0.25625
0 0.672916666667 0.778125 0.154166666667 0.25625
