0 0.866197183099 0.35 0.201877934272 0.225
0 0.664319248826 0.265625 0.0798122065728 0.15625
0 0.410798122066 0.15625 0.12676056338 0.1375
0 0.272300469484 0.31875 0.159624413146 0.175
0 0.511737089202 0.50625 0.0845070422535 0.125
0 0.485915492958 0.653125 0.0985915492958 0.18125
0 0.678403755869 0.59375 0.0892018779343 0.2125
0 0.791079812207 0.85625 0.12676056338 0.1875
0 0.483568075117 0.884375 0.262910798122 0.19375
0 0.227699530516 0.846875 0.136150234742 0.19375
0 0.215962441315 0.6375 0.112676056338 0.2375
0 0.075117370892 0.596875 0.103286384977 0.15625
