1 0.766666666667 0.76875 0.133333333333 0.1875
1 0.879166666667 0.653125 0.0916666666667 0.20625
1 0.979166666667 0.725 0.0833333333333 0.2125
1 0.541666666667 0.690625 0.0916666666667 0.19375
1 0.454166666667 0.596875 0.158333333333 0.15625
1 0.235416666667 0.525 0.0958333333333 0.1
1 0.135416666667 0.60625 0.145833333333 0.2
1 0.816666666667 0.44375 0.125 0.1875
1 0.429166666667 0.415625 0.0833333333333 0.11875
1 0.55 0.446875 0.15 0.13125
1 0.660416666667 0.60625 0.0875 0.1875
1 0.285416666667 0.334375 0.1125 0.15625
1 0.122916666667 0.375 0.120833333333 0.1
